Wed Jun 14 15:38:08 CEST 2017
      1 Wed
      1 Jun
      1 14
      1 15:38:08
      1 CEST
      1 2017
      6 
      6 
      6 
      6 
      6 
      6 
      1 Wed
      1 Wed
      1 Jun
      1 Jun
      1 CEST
      1 CEST
      1 2017
      1 2017
      1 15:38:08
      1 15:38:08
      1 14
      1 14
      1 1
      1 1
      1 1
      1 1
      1 1
      1 1
      7 
      7 
      7 
      7 
      7 
      7 
      6 
      6 
      6 
      6 
      6 
      6 
      6 
      6 
      6 
      6 
      6 
      6 
      6 
      6 
      6 
      6 
      6 
      6 
      6 
      6 
      6 
      6 
      6 
      6 
      2 1
      2 1
      2 1
      2 1
      2 1
      2 1
      1 Wed
      1 Wed
      1 Wed
      1 Wed
      1 Jun
      1 Jun
      1 Jun
      1 Jun
      1 CEST
      1 CEST
      1 CEST
      1 CEST
      1 6
      1 6
      1 6
      1 6
      1 6
      1 6
      1 2017
      1 2017
      1 2017
      1 2017
      1 15:38:08
      1 15:38:08
      1 15:38:08
      1 15:38:08
      1 14
      1 14
      1 14
      1 14
      1 1
      1 1
      1 1
      1 1
      1 1
      1 1
      1 1
      1 1
      1 1
      1 1
      1 1
      1 1
      1 1
      1 1
      1 1
      1 1
      1 1
      1 1
